-6
-69
+13
+66
+59
-6
+21
-95
+30
+5
+85
+48
+88
-65
+10
-47
+46
-25
-7
+80
-12
+2
+92
+92
+43
-73
-18
-13
+35
+7
-4
-31
-93
-3
-85
-90
-2
-46
-93
-83
-57
+13
+19
+45
+20
+88
-20
-67
+44
-50
+27
-90
-29
+24
+82
+71
+11
+73
-1
+15
+35
+57
-53
-34
-98
-93
+16
+55
-65
-58
-78
-37
+67
+45
-64
-52
-97
-86
+40
-27
+87
+92
+13
-29
+65
+8
-66
+6
-95
+45
+20
-10
+17
-92
-14
+45
-29
-3
-42
+31
-2
-93
-18
+89
-42
-71
-16
-41
+6
-18
-24
+49
+97
+34
+52
-13
+49
-4
+51
-99
+88
-93
-64
-55
+98
+85
-38
-4
+94
-33
-94
+98
-77
+42
+80
+37
-41
+85
-85
+50
-80
+27
-10
+4
-45
+10
+16
-6
-61
-49
+91
+10
-91
-89
+75
+55
+84
-10
-82
+61
+81
-77
+26
+39
+99
+95
+64
+53
-92
+30
-93
+23
-42
-54
-9
-78
+94
-78
-25
-81
-58
+91
+86
+3
+89
-44
-96
+1
-53
-89
-26
-22
-82
-18
-12
-54
-5
-90
+48
+71
-61
+33
+30
-44
+37
+87
+41
+17
+94
-84
-64
-91
-29
+19
+89
-32
+1
+18
+29
-8
+21
-45
-91
+26
-54
+59
+97
+26
+54
-5
+51
+74
+79
-10
+44
-79
-57
+76
-89
-60
-49
-77
+35
+87
+4
-95
+79
-84
+45
+68
+27
-77
-97
+81
+51
-93
-72
+51
-46
+6
-7
+80
+99
+15
-43
-58
+72
-92
-49
+95
-32
-79
+94
-28
+11
+80
-18
-71
-57
-5
-33
-26
+22
+6
-62
+39
-14
-95
+1
-46
+77
+34
+30
+36
+53
-52
+14
-10
+4
-48
+64
+89
-50
+26
+74
+54
+21
-37
-65
-6
+63
-75
-4
+39
+95
+40
-64
-2
+85
-4
+66
-7
+87
-66
+42
-63
+36
-25
-97
-9
-47
+35
-85
+48
+79
+22
+63
-60
+56
-56
-84
-1
-37
+15
-15
+25
-86
+62
+53
+62
-37
-16
+5
+59
+9
-20
-83
+87
-36
-98
-64
+62
+27
+87
-96
-69
-58
+37
-41
-20
+21
+25
-3
+5
+24
-5
-40
-62
-50
-96
+84
+5
-25
-91
-66
-64
-91
+80
-37
-31
+75
+86
-27
-83
+29
+81
+7
+84
-41
+37
+31
-21
-48
+38
+45
-76
+89
+87
-98
-50
-26
+85
+36
-70
-67
+64
-10
+6
-5
+46
+38
+89
-57
+69
+44
-99
-18
+63
-63
+63
-26
-51
-61
+38
-95
+86
+29
+86
+34
-79
+24
+68
+77
-9
-62
-98
+97
-30
-89
+76
-93
-53
-47
-5
+47
-50
-44
+80
-36
-39
-17
-64
-54
-49
-81
-7
+45
+36
-12
+27
-14
+10
+52
-66
+6
+25
-95
+57
-15
+87
+82
+76
+85
-77
-24
+47
-98
-71
+75
-14
-74
+95
+49
-11
+18
-51
+7
-63
-27
-13
+16
+60
+8
+48
-69
-15
-5
-80
+65
-94
+46
-85
+48
-69
+85
+16
+32
-27
+65
+33
+77
-41
+47
+76
+10
-89
-82
-2
-98
-80
-89
-4
-49
-42
-33
+71
+73
-45
-6
-73
+41
+83
+22
+59
+43
-40
+86
+32
-52
-46
+28
+54
+39
+30
+88
-22
-19
+40
+66
+33
+44
+74
-7
-29
-20
-70
-10
+90
-54
+85
-79
-60
+79
+30
+39
-64
-29
+13
-5
-48
-47
-47
+93
+52
+16
-10
+13
-97
-65
+89
-34
+42
-39
+88
-92
+32
+17
-99
+96
-78
-56
+71
-65
-77
+71
-85
+21
-95
-89
-71
-4
+82
+19
-4
-7
+29
+30
+72
-77
+15
+78
+35
+5
-95
-28
+13
+82
+90
-63
+20
-33
-7
+63
+35
-89
-27
-59
+71
+47
+58
-63
+43
-7
+3
+92
+20
+50
+22
-65
-77
-63
-40
-93
+2
+4
+37
+40
-16
+76
-90
+85
-1
+94
-74
-79
-24
+69
-82
-70
+22
-76
-90
-3
+90
-31
+49
+30
+37
-18
-15
+1
-89
+2
-49
-68
-71
-85
+35
+92
+98
-45
-92
+38
-67
-31
-71
+11
-20
+91
+21
-38
+98
+74
-83
+95
-95
-99
-34
-95
-55
+41
-35
-56
+8
+8
-51
-54
-33
-8
-99
+87
+99
+49
+46
-18
+28
-23
+63
+33
+90
+88
+12
-96
+28
+81
-74
-18
+56
+94
+47
-7
-48
+93
+60
-90
+54
-20
+49
+12
-29
-82
+73
+28
+92
+49
-40
+69
+69
-99
-38
+61
+48
-47
+56
-86
+71
+7
+83
-64
-44
-86
-73
-91
-24
+31
+2
-64
+23
-55
+40
+34
+80
+86
-17
-34
+5
+26
+94
-67
+43
+42
+20
-26
+41
-17
+94
+94
+25
+23
+76
+96
-90
+92
-88
-78
+6
-20
+18
-91
-53
+12
+19
-19
+44
+88
+39
+68
+39
-31
+10
-22
-84
-14
+34
-3
-62
+8
-52
+29
+32
-19
+77
-35
-77
+8
+65
+6
+96
-54
-66
+87
-62
-33
+90
-56
+73
-81
-74
+75
+70
-20
+39
+17
-78
+76
-25
-83
+16
-57
-5
-92
-20
-70
-85
+55
-49
+71
+85
+6
+58
+90
+31
-30
-15
+74
+24
-62
-67
+52
+40
-91
+74
+35
-85
-64
+76
+49
+78
+29
+74
-31
+94
+26
-14
-21
+92
-68
+24
-10
-37
+51
+4
-81
+31
-95
+50
+8
+45
+56
+64
+36
+96
+17
-59
+73
-37
-89
-85
-63
-99
-90
+42
+94
+50
+53
-1
+41
-38
-22
+92
+15
-62
-64
+25
+37
+75
+51
-86
-6
-67
-37
+86
+1
-27
+15
+16
-12
+12
+2
+76
-10
+19
-83
-60
+34
-8
-96
-76
-90
+88
-14
+74
+12
-39
+50
+88
+14
+64
-63
-41
-24
-20
+78
+97
+47
-83
-92
+16
+94
+88
+42
-99
-7
-12
+13
-4
-58
+5
+70
+92
+33
+17
+23
-26
-62
-67
-75
-90
+77
+89
+1800